/*--------------------------------*- C++ -*----------------------------------*\
  =========                 |
  \\      /  F ield         | OpenFOAM: The Open Source CFD Toolbox
   \\    /   O peration     | Website:  https://openfoam.org
    \\  /    A nd           | Version:  6
     \\/     M anipulation  |
\*---------------------------------------------------------------------------*/
FoamFile
{
    version     2.0;
    format      ascii;
    class       labelList;
    note        "nPoints: 5460 nCells: 4900 nFaces: 15225 nInternalFaces: 14175";
    location    "constant/polyMesh";
    object      neighbour;
}
// * * * * * * * * * * * * * * * * * * * * * * * * * * * * * * * * * * * * * //


14175
(
1
7
49
980
2
8
50
3
9
51
4
10
52
5
11
53
6
12
54
13
55
1966
8
14
56
981
9
15
57
10
16
58
11
17
59
12
18
60
13
19
61
20
62
1965
15
21
63
982
16
22
64
17
23
65
18
24
66
19
25
67
20
26
68
27
69
1964
22
28
70
983
23
29
71
24
30
72
25
31
73
26
32
74
27
33
75
34
76
1963
29
35
77
984
30
36
78
31
37
79
32
38
80
33
39
81
34
40
82
41
83
1962
36
42
84
985
37
43
85
38
44
86
39
45
87
40
46
88
41
47
89
48
90
1961
43
91
986
3920
44
92
3921
45
93
3922
46
94
3923
47
95
3924
48
96
3925
97
1960
3926
50
56
98
1029
51
57
99
52
58
100
53
59
101
54
60
102
55
61
103
62
104
2015
57
63
105
1030
58
64
106
59
65
107
60
66
108
61
67
109
62
68
110
69
111
2014
64
70
112
1031
65
71
113
66
72
114
67
73
115
68
74
116
69
75
117
76
118
2013
71
77
119
1032
72
78
120
73
79
121
74
80
122
75
81
123
76
82
124
83
125
2012
78
84
126
1033
79
85
127
80
86
128
81
87
129
82
88
130
83
89
131
90
132
2011
85
91
133
1034
86
92
134
87
93
135
88
94
136
89
95
137
90
96
138
97
139
2010
92
140
1035
3969
93
141
3970
94
142
3971
95
143
3972
96
144
3973
97
145
3974
146
2009
3975
99
105
147
1078
100
106
148
101
107
149
102
108
150
103
109
151
104
110
152
111
153
2064
106
112
154
1079
107
113
155
108
114
156
109
115
157
110
116
158
111
117
159
118
160
2063
113
119
161
1080
114
120
162
115
121
163
116
122
164
117
123
165
118
124
166
125
167
2062
120
126
168
1081
121
127
169
122
128
170
123
129
171
124
130
172
125
131
173
132
174
2061
127
133
175
1082
128
134
176
129
135
177
130
136
178
131
137
179
132
138
180
139
181
2060
134
140
182
1083
135
141
183
136
142
184
137
143
185
138
144
186
139
145
187
146
188
2059
141
189
1084
4018
142
190
4019
143
191
4020
144
192
4021
145
193
4022
146
194
4023
195
2058
4024
148
154
196
1127
149
155
197
150
156
198
151
157
199
152
158
200
153
159
201
160
202
2113
155
161
203
1128
156
162
204
157
163
205
158
164
206
159
165
207
160
166
208
167
209
2112
162
168
210
1129
163
169
211
164
170
212
165
171
213
166
172
214
167
173
215
174
216
2111
169
175
217
1130
170
176
218
171
177
219
172
178
220
173
179
221
174
180
222
181
223
2110
176
182
224
1131
177
183
225
178
184
226
179
185
227
180
186
228
181
187
229
188
230
2109
183
189
231
1132
184
190
232
185
191
233
186
192
234
187
193
235
188
194
236
195
237
2108
190
238
1133
4067
191
239
4068
192
240
4069
193
241
4070
194
242
4071
195
243
4072
244
2107
4073
197
203
245
1176
198
204
246
199
205
247
200
206
248
201
207
249
202
208
250
209
251
2162
204
210
252
1177
205
211
253
206
212
254
207
213
255
208
214
256
209
215
257
216
258
2161
211
217
259
1178
212
218
260
213
219
261
214
220
262
215
221
263
216
222
264
223
265
2160
218
224
266
1179
219
225
267
220
226
268
221
227
269
222
228
270
223
229
271
230
272
2159
225
231
273
1180
226
232
274
227
233
275
228
234
276
229
235
277
230
236
278
237
279
2158
232
238
280
1181
233
239
281
234
240
282
235
241
283
236
242
284
237
243
285
244
286
2157
239
287
1182
4116
240
288
4117
241
289
4118
242
290
4119
243
291
4120
244
292
4121
293
2156
4122
246
252
294
1225
247
253
295
248
254
296
249
255
297
250
256
298
251
257
299
258
300
2211
253
259
301
1226
254
260
302
255
261
303
256
262
304
257
263
305
258
264
306
265
307
2210
260
266
308
1227
261
267
309
262
268
310
263
269
311
264
270
312
265
271
313
272
314
2209
267
273
315
1228
268
274
316
269
275
317
270
276
318
271
277
319
272
278
320
279
321
2208
274
280
322
1229
275
281
323
276
282
324
277
283
325
278
284
326
279
285
327
286
328
2207
281
287
329
1230
282
288
330
283
289
331
284
290
332
285
291
333
286
292
334
293
335
2206
288
336
1231
4165
289
337
4166
290
338
4167
291
339
4168
292
340
4169
293
341
4170
342
2205
4171
295
301
343
1274
296
302
344
297
303
345
298
304
346
299
305
347
300
306
348
307
349
2260
302
308
350
1275
303
309
351
304
310
352
305
311
353
306
312
354
307
313
355
314
356
2259
309
315
357
1276
310
316
358
311
317
359
312
318
360
313
319
361
314
320
362
321
363
2258
316
322
364
1277
317
323
365
318
324
366
319
325
367
320
326
368
321
327
369
328
370
2257
323
329
371
1278
324
330
372
325
331
373
326
332
374
327
333
375
328
334
376
335
377
2256
330
336
378
1279
331
337
379
332
338
380
333
339
381
334
340
382
335
341
383
342
384
2255
337
385
1280
4214
338
386
4215
339
387
4216
340
388
4217
341
389
4218
342
390
4219
391
2254
4220
344
350
392
1323
345
351
393
346
352
394
347
353
395
348
354
396
349
355
397
356
398
2309
351
357
399
1324
352
358
400
353
359
401
354
360
402
355
361
403
356
362
404
363
405
2308
358
364
406
1325
359
365
407
360
366
408
361
367
409
362
368
410
363
369
411
370
412
2307
365
371
413
1326
366
372
414
367
373
415
368
374
416
369
375
417
370
376
418
377
419
2306
372
378
420
1327
373
379
421
374
380
422
375
381
423
376
382
424
377
383
425
384
426
2305
379
385
427
1328
380
386
428
381
387
429
382
388
430
383
389
431
384
390
432
391
433
2304
386
434
1329
4263
387
435
4264
388
436
4265
389
437
4266
390
438
4267
391
439
4268
440
2303
4269
393
399
441
1372
394
400
442
395
401
443
396
402
444
397
403
445
398
404
446
405
447
2358
400
406
448
1373
401
407
449
402
408
450
403
409
451
404
410
452
405
411
453
412
454
2357
407
413
455
1374
408
414
456
409
415
457
410
416
458
411
417
459
412
418
460
419
461
2356
414
420
462
1375
415
421
463
416
422
464
417
423
465
418
424
466
419
425
467
426
468
2355
421
427
469
1376
422
428
470
423
429
471
424
430
472
425
431
473
426
432
474
433
475
2354
428
434
476
1377
429
435
477
430
436
478
431
437
479
432
438
480
433
439
481
440
482
2353
435
483
1378
4312
436
484
4313
437
485
4314
438
486
4315
439
487
4316
440
488
4317
489
2352
4318
442
448
490
1421
443
449
491
444
450
492
445
451
493
446
452
494
447
453
495
454
496
2407
449
455
497
1422
450
456
498
451
457
499
452
458
500
453
459
501
454
460
502
461
503
2406
456
462
504
1423
457
463
505
458
464
506
459
465
507
460
466
508
461
467
509
468
510
2405
463
469
511
1424
464
470
512
465
471
513
466
472
514
467
473
515
468
474
516
475
517
2404
470
476
518
1425
471
477
519
472
478
520
473
479
521
474
480
522
475
481
523
482
524
2403
477
483
525
1426
478
484
526
479
485
527
480
486
528
481
487
529
482
488
530
489
531
2402
484
532
1427
4361
485
533
4362
486
534
4363
487
535
4364
488
536
4365
489
537
4366
538
2401
4367
491
497
539
1470
492
498
540
493
499
541
494
500
542
495
501
543
496
502
544
503
545
2456
498
504
546
1471
499
505
547
500
506
548
501
507
549
502
508
550
503
509
551
510
552
2455
505
511
553
1472
506
512
554
507
513
555
508
514
556
509
515
557
510
516
558
517
559
2454
512
518
560
1473
513
519
561
514
520
562
515
521
563
516
522
564
517
523
565
524
566
2453
519
525
567
1474
520
526
568
521
527
569
522
528
570
523
529
571
524
530
572
531
573
2452
526
532
574
1475
527
533
575
528
534
576
529
535
577
530
536
578
531
537
579
538
580
2451
533
581
1476
4410
534
582
4411
535
583
4412
536
584
4413
537
585
4414
538
586
4415
587
2450
4416
540
546
588
1519
541
547
589
542
548
590
543
549
591
544
550
592
545
551
593
552
594
2505
547
553
595
1520
548
554
596
549
555
597
550
556
598
551
557
599
552
558
600
559
601
2504
554
560
602
1521
555
561
603
556
562
604
557
563
605
558
564
606
559
565
607
566
608
2503
561
567
609
1522
562
568
610
563
569
611
564
570
612
565
571
613
566
572
614
573
615
2502
568
574
616
1523
569
575
617
570
576
618
571
577
619
572
578
620
573
579
621
580
622
2501
575
581
623
1524
576
582
624
577
583
625
578
584
626
579
585
627
580
586
628
587
629
2500
582
630
1525
4459
583
631
4460
584
632
4461
585
633
4462
586
634
4463
587
635
4464
636
2499
4465
589
595
637
1568
590
596
638
591
597
639
592
598
640
593
599
641
594
600
642
601
643
2554
596
602
644
1569
597
603
645
598
604
646
599
605
647
600
606
648
601
607
649
608
650
2553
603
609
651
1570
604
610
652
605
611
653
606
612
654
607
613
655
608
614
656
615
657
2552
610
616
658
1571
611
617
659
612
618
660
613
619
661
614
620
662
615
621
663
622
664
2551
617
623
665
1572
618
624
666
619
625
667
620
626
668
621
627
669
622
628
670
629
671
2550
624
630
672
1573
625
631
673
626
632
674
627
633
675
628
634
676
629
635
677
636
678
2549
631
679
1574
4508
632
680
4509
633
681
4510
634
682
4511
635
683
4512
636
684
4513
685
2548
4514
638
644
686
1617
639
645
687
640
646
688
641
647
689
642
648
690
643
649
691
650
692
2603
645
651
693
1618
646
652
694
647
653
695
648
654
696
649
655
697
650
656
698
657
699
2602
652
658
700
1619
653
659
701
654
660
702
655
661
703
656
662
704
657
663
705
664
706
2601
659
665
707
1620
660
666
708
661
667
709
662
668
710
663
669
711
664
670
712
671
713
2600
666
672
714
1621
667
673
715
668
674
716
669
675
717
670
676
718
671
677
719
678
720
2599
673
679
721
1622
674
680
722
675
681
723
676
682
724
677
683
725
678
684
726
685
727
2598
680
728
1623
4557
681
729
4558
682
730
4559
683
731
4560
684
732
4561
685
733
4562
734
2597
4563
687
693
735
1666
688
694
736
689
695
737
690
696
738
691
697
739
692
698
740
699
741
2652
694
700
742
1667
695
701
743
696
702
744
697
703
745
698
704
746
699
705
747
706
748
2651
701
707
749
1668
702
708
750
703
709
751
704
710
752
705
711
753
706
712
754
713
755
2650
708
714
756
1669
709
715
757
710
716
758
711
717
759
712
718
760
713
719
761
720
762
2649
715
721
763
1670
716
722
764
717
723
765
718
724
766
719
725
767
720
726
768
727
769
2648
722
728
770
1671
723
729
771
724
730
772
725
731
773
726
732
774
727
733
775
734
776
2647
729
777
1672
4606
730
778
4607
731
779
4608
732
780
4609
733
781
4610
734
782
4611
783
2646
4612
736
742
784
1715
737
743
785
738
744
786
739
745
787
740
746
788
741
747
789
748
790
2701
743
749
791
1716
744
750
792
745
751
793
746
752
794
747
753
795
748
754
796
755
797
2700
750
756
798
1717
751
757
799
752
758
800
753
759
801
754
760
802
755
761
803
762
804
2699
757
763
805
1718
758
764
806
759
765
807
760
766
808
761
767
809
762
768
810
769
811
2698
764
770
812
1719
765
771
813
766
772
814
767
773
815
768
774
816
769
775
817
776
818
2697
771
777
819
1720
772
778
820
773
779
821
774
780
822
775
781
823
776
782
824
783
825
2696
778
826
1721
4655
779
827
4656
780
828
4657
781
829
4658
782
830
4659
783
831
4660
832
2695
4661
785
791
833
1764
786
792
834
787
793
835
788
794
836
789
795
837
790
796
838
797
839
2750
792
798
840
1765
793
799
841
794
800
842
795
801
843
796
802
844
797
803
845
804
846
2749
799
805
847
1766
800
806
848
801
807
849
802
808
850
803
809
851
804
810
852
811
853
2748
806
812
854
1767
807
813
855
808
814
856
809
815
857
810
816
858
811
817
859
818
860
2747
813
819
861
1768
814
820
862
815
821
863
816
822
864
817
823
865
818
824
866
825
867
2746
820
826
868
1769
821
827
869
822
828
870
823
829
871
824
830
872
825
831
873
832
874
2745
827
875
1770
4704
828
876
4705
829
877
4706
830
878
4707
831
879
4708
832
880
4709
881
2744
4710
834
840
882
1813
835
841
883
836
842
884
837
843
885
838
844
886
839
845
887
846
888
2799
841
847
889
1814
842
848
890
843
849
891
844
850
892
845
851
893
846
852
894
853
895
2798
848
854
896
1815
849
855
897
850
856
898
851
857
899
852
858
900
853
859
901
860
902
2797
855
861
903
1816
856
862
904
857
863
905
858
864
906
859
865
907
860
866
908
867
909
2796
862
868
910
1817
863
869
911
864
870
912
865
871
913
866
872
914
867
873
915
874
916
2795
869
875
917
1818
870
876
918
871
877
919
872
878
920
873
879
921
874
880
922
881
923
2794
876
924
1819
4753
877
925
4754
878
926
4755
879
927
4756
880
928
4757
881
929
4758
930
2793
4759
883
889
931
1862
884
890
932
885
891
933
886
892
934
887
893
935
888
894
936
895
937
2848
890
896
938
1863
891
897
939
892
898
940
893
899
941
894
900
942
895
901
943
902
944
2847
897
903
945
1864
898
904
946
899
905
947
900
906
948
901
907
949
902
908
950
909
951
2846
904
910
952
1865
905
911
953
906
912
954
907
913
955
908
914
956
909
915
957
916
958
2845
911
917
959
1866
912
918
960
913
919
961
914
920
962
915
921
963
916
922
964
923
965
2844
918
924
966
1867
919
925
967
920
926
968
921
927
969
922
928
970
923
929
971
930
972
2843
925
973
1868
4802
926
974
4803
927
975
4804
928
976
4805
929
977
4806
930
978
4807
979
2842
4808
932
938
1911
933
939
934
940
935
941
936
942
937
943
944
2897
939
945
1912
940
946
941
947
942
948
943
949
944
950
951
2896
946
952
1913
947
953
948
954
949
955
950
956
951
957
958
2895
953
959
1914
954
960
955
961
956
962
957
963
958
964
965
2894
960
966
1915
961
967
962
968
963
969
964
970
965
971
972
2893
967
973
1916
968
974
969
975
970
976
971
977
972
978
979
2892
974
1917
4851
975
4852
976
4853
977
4854
978
4855
979
4856
2891
4857
981
987
1029
982
988
1030
983
989
1031
984
990
1032
985
991
1033
986
992
1034
993
1035
3920
988
994
1036
989
995
1037
990
996
1038
991
997
1039
992
998
1040
993
999
1041
1000
1042
3927
995
1001
1043
996
1002
1044
997
1003
1045
998
1004
1046
999
1005
1047
1000
1006
1048
1007
1049
3934
1002
1008
1050
1003
1009
1051
1004
1010
1052
1005
1011
1053
1006
1012
1054
1007
1013
1055
1014
1056
3941
1009
1015
1057
1010
1016
1058
1011
1017
1059
1012
1018
1060
1013
1019
1061
1014
1020
1062
1021
1063
3948
1016
1022
1064
1017
1023
1065
1018
1024
1066
1019
1025
1067
1020
1026
1068
1021
1027
1069
1028
1070
3955
1023
1071
2982
1024
1072
2975
1025
1073
2968
1026
1074
2961
1027
1075
2954
1028
1076
2947
1077
2940
3962
1030
1036
1078
1031
1037
1079
1032
1038
1080
1033
1039
1081
1034
1040
1082
1035
1041
1083
1042
1084
3969
1037
1043
1085
1038
1044
1086
1039
1045
1087
1040
1046
1088
1041
1047
1089
1042
1048
1090
1049
1091
3976
1044
1050
1092
1045
1051
1093
1046
1052
1094
1047
1053
1095
1048
1054
1096
1049
1055
1097
1056
1098
3983
1051
1057
1099
1052
1058
1100
1053
1059
1101
1054
1060
1102
1055
1061
1103
1056
1062
1104
1063
1105
3990
1058
1064
1106
1059
1065
1107
1060
1066
1108
1061
1067
1109
1062
1068
1110
1063
1069
1111
1070
1112
3997
1065
1071
1113
1066
1072
1114
1067
1073
1115
1068
1074
1116
1069
1075
1117
1070
1076
1118
1077
1119
4004
1072
1120
3031
1073
1121
3024
1074
1122
3017
1075
1123
3010
1076
1124
3003
1077
1125
2996
1126
2989
4011
1079
1085
1127
1080
1086
1128
1081
1087
1129
1082
1088
1130
1083
1089
1131
1084
1090
1132
1091
1133
4018
1086
1092
1134
1087
1093
1135
1088
1094
1136
1089
1095
1137
1090
1096
1138
1091
1097
1139
1098
1140
4025
1093
1099
1141
1094
1100
1142
1095
1101
1143
1096
1102
1144
1097
1103
1145
1098
1104
1146
1105
1147
4032
1100
1106
1148
1101
1107
1149
1102
1108
1150
1103
1109
1151
1104
1110
1152
1105
1111
1153
1112
1154
4039
1107
1113
1155
1108
1114
1156
1109
1115
1157
1110
1116
1158
1111
1117
1159
1112
1118
1160
1119
1161
4046
1114
1120
1162
1115
1121
1163
1116
1122
1164
1117
1123
1165
1118
1124
1166
1119
1125
1167
1126
1168
4053
1121
1169
3080
1122
1170
3073
1123
1171
3066
1124
1172
3059
1125
1173
3052
1126
1174
3045
1175
3038
4060
1128
1134
1176
1129
1135
1177
1130
1136
1178
1131
1137
1179
1132
1138
1180
1133
1139
1181
1140
1182
4067
1135
1141
1183
1136
1142
1184
1137
1143
1185
1138
1144
1186
1139
1145
1187
1140
1146
1188
1147
1189
4074
1142
1148
1190
1143
1149
1191
1144
1150
1192
1145
1151
1193
1146
1152
1194
1147
1153
1195
1154
1196
4081
1149
1155
1197
1150
1156
1198
1151
1157
1199
1152
1158
1200
1153
1159
1201
1154
1160
1202
1161
1203
4088
1156
1162
1204
1157
1163
1205
1158
1164
1206
1159
1165
1207
1160
1166
1208
1161
1167
1209
1168
1210
4095
1163
1169
1211
1164
1170
1212
1165
1171
1213
1166
1172
1214
1167
1173
1215
1168
1174
1216
1175
1217
4102
1170
1218
3129
1171
1219
3122
1172
1220
3115
1173
1221
3108
1174
1222
3101
1175
1223
3094
1224
3087
4109
1177
1183
1225
1178
1184
1226
1179
1185
1227
1180
1186
1228
1181
1187
1229
1182
1188
1230
1189
1231
4116
1184
1190
1232
1185
1191
1233
1186
1192
1234
1187
1193
1235
1188
1194
1236
1189
1195
1237
1196
1238
4123
1191
1197
1239
1192
1198
1240
1193
1199
1241
1194
1200
1242
1195
1201
1243
1196
1202
1244
1203
1245
4130
1198
1204
1246
1199
1205
1247
1200
1206
1248
1201
1207
1249
1202
1208
1250
1203
1209
1251
1210
1252
4137
1205
1211
1253
1206
1212
1254
1207
1213
1255
1208
1214
1256
1209
1215
1257
1210
1216
1258
1217
1259
4144
1212
1218
1260
1213
1219
1261
1214
1220
1262
1215
1221
1263
1216
1222
1264
1217
1223
1265
1224
1266
4151
1219
1267
3178
1220
1268
3171
1221
1269
3164
1222
1270
3157
1223
1271
3150
1224
1272
3143
1273
3136
4158
1226
1232
1274
1227
1233
1275
1228
1234
1276
1229
1235
1277
1230
1236
1278
1231
1237
1279
1238
1280
4165
1233
1239
1281
1234
1240
1282
1235
1241
1283
1236
1242
1284
1237
1243
1285
1238
1244
1286
1245
1287
4172
1240
1246
1288
1241
1247
1289
1242
1248
1290
1243
1249
1291
1244
1250
1292
1245
1251
1293
1252
1294
4179
1247
1253
1295
1248
1254
1296
1249
1255
1297
1250
1256
1298
1251
1257
1299
1252
1258
1300
1259
1301
4186
1254
1260
1302
1255
1261
1303
1256
1262
1304
1257
1263
1305
1258
1264
1306
1259
1265
1307
1266
1308
4193
1261
1267
1309
1262
1268
1310
1263
1269
1311
1264
1270
1312
1265
1271
1313
1266
1272
1314
1273
1315
4200
1268
1316
3227
1269
1317
3220
1270
1318
3213
1271
1319
3206
1272
1320
3199
1273
1321
3192
1322
3185
4207
1275
1281
1323
1276
1282
1324
1277
1283
1325
1278
1284
1326
1279
1285
1327
1280
1286
1328
1287
1329
4214
1282
1288
1330
1283
1289
1331
1284
1290
1332
1285
1291
1333
1286
1292
1334
1287
1293
1335
1294
1336
4221
1289
1295
1337
1290
1296
1338
1291
1297
1339
1292
1298
1340
1293
1299
1341
1294
1300
1342
1301
1343
4228
1296
1302
1344
1297
1303
1345
1298
1304
1346
1299
1305
1347
1300
1306
1348
1301
1307
1349
1308
1350
4235
1303
1309
1351
1304
1310
1352
1305
1311
1353
1306
1312
1354
1307
1313
1355
1308
1314
1356
1315
1357
4242
1310
1316
1358
1311
1317
1359
1312
1318
1360
1313
1319
1361
1314
1320
1362
1315
1321
1363
1322
1364
4249
1317
1365
3276
1318
1366
3269
1319
1367
3262
1320
1368
3255
1321
1369
3248
1322
1370
3241
1371
3234
4256
1324
1330
1372
1325
1331
1373
1326
1332
1374
1327
1333
1375
1328
1334
1376
1329
1335
1377
1336
1378
4263
1331
1337
1379
1332
1338
1380
1333
1339
1381
1334
1340
1382
1335
1341
1383
1336
1342
1384
1343
1385
4270
1338
1344
1386
1339
1345
1387
1340
1346
1388
1341
1347
1389
1342
1348
1390
1343
1349
1391
1350
1392
4277
1345
1351
1393
1346
1352
1394
1347
1353
1395
1348
1354
1396
1349
1355
1397
1350
1356
1398
1357
1399
4284
1352
1358
1400
1353
1359
1401
1354
1360
1402
1355
1361
1403
1356
1362
1404
1357
1363
1405
1364
1406
4291
1359
1365
1407
1360
1366
1408
1361
1367
1409
1362
1368
1410
1363
1369
1411
1364
1370
1412
1371
1413
4298
1366
1414
3325
1367
1415
3318
1368
1416
3311
1369
1417
3304
1370
1418
3297
1371
1419
3290
1420
3283
4305
1373
1379
1421
1374
1380
1422
1375
1381
1423
1376
1382
1424
1377
1383
1425
1378
1384
1426
1385
1427
4312
1380
1386
1428
1381
1387
1429
1382
1388
1430
1383
1389
1431
1384
1390
1432
1385
1391
1433
1392
1434
4319
1387
1393
1435
1388
1394
1436
1389
1395
1437
1390
1396
1438
1391
1397
1439
1392
1398
1440
1399
1441
4326
1394
1400
1442
1395
1401
1443
1396
1402
1444
1397
1403
1445
1398
1404
1446
1399
1405
1447
1406
1448
4333
1401
1407
1449
1402
1408
1450
1403
1409
1451
1404
1410
1452
1405
1411
1453
1406
1412
1454
1413
1455
4340
1408
1414
1456
1409
1415
1457
1410
1416
1458
1411
1417
1459
1412
1418
1460
1413
1419
1461
1420
1462
4347
1415
1463
3374
1416
1464
3367
1417
1465
3360
1418
1466
3353
1419
1467
3346
1420
1468
3339
1469
3332
4354
1422
1428
1470
1423
1429
1471
1424
1430
1472
1425
1431
1473
1426
1432
1474
1427
1433
1475
1434
1476
4361
1429
1435
1477
1430
1436
1478
1431
1437
1479
1432
1438
1480
1433
1439
1481
1434
1440
1482
1441
1483
4368
1436
1442
1484
1437
1443
1485
1438
1444
1486
1439
1445
1487
1440
1446
1488
1441
1447
1489
1448
1490
4375
1443
1449
1491
1444
1450
1492
1445
1451
1493
1446
1452
1494
1447
1453
1495
1448
1454
1496
1455
1497
4382
1450
1456
1498
1451
1457
1499
1452
1458
1500
1453
1459
1501
1454
1460
1502
1455
1461
1503
1462
1504
4389
1457
1463
1505
1458
1464
1506
1459
1465
1507
1460
1466
1508
1461
1467
1509
1462
1468
1510
1469
1511
4396
1464
1512
3423
1465
1513
3416
1466
1514
3409
1467
1515
3402
1468
1516
3395
1469
1517
3388
1518
3381
4403
1471
1477
1519
1472
1478
1520
1473
1479
1521
1474
1480
1522
1475
1481
1523
1476
1482
1524
1483
1525
4410
1478
1484
1526
1479
1485
1527
1480
1486
1528
1481
1487
1529
1482
1488
1530
1483
1489
1531
1490
1532
4417
1485
1491
1533
1486
1492
1534
1487
1493
1535
1488
1494
1536
1489
1495
1537
1490
1496
1538
1497
1539
4424
1492
1498
1540
1493
1499
1541
1494
1500
1542
1495
1501
1543
1496
1502
1544
1497
1503
1545
1504
1546
4431
1499
1505
1547
1500
1506
1548
1501
1507
1549
1502
1508
1550
1503
1509
1551
1504
1510
1552
1511
1553
4438
1506
1512
1554
1507
1513
1555
1508
1514
1556
1509
1515
1557
1510
1516
1558
1511
1517
1559
1518
1560
4445
1513
1561
3472
1514
1562
3465
1515
1563
3458
1516
1564
3451
1517
1565
3444
1518
1566
3437
1567
3430
4452
1520
1526
1568
1521
1527
1569
1522
1528
1570
1523
1529
1571
1524
1530
1572
1525
1531
1573
1532
1574
4459
1527
1533
1575
1528
1534
1576
1529
1535
1577
1530
1536
1578
1531
1537
1579
1532
1538
1580
1539
1581
4466
1534
1540
1582
1535
1541
1583
1536
1542
1584
1537
1543
1585
1538
1544
1586
1539
1545
1587
1546
1588
4473
1541
1547
1589
1542
1548
1590
1543
1549
1591
1544
1550
1592
1545
1551
1593
1546
1552
1594
1553
1595
4480
1548
1554
1596
1549
1555
1597
1550
1556
1598
1551
1557
1599
1552
1558
1600
1553
1559
1601
1560
1602
4487
1555
1561
1603
1556
1562
1604
1557
1563
1605
1558
1564
1606
1559
1565
1607
1560
1566
1608
1567
1609
4494
1562
1610
3521
1563
1611
3514
1564
1612
3507
1565
1613
3500
1566
1614
3493
1567
1615
3486
1616
3479
4501
1569
1575
1617
1570
1576
1618
1571
1577
1619
1572
1578
1620
1573
1579
1621
1574
1580
1622
1581
1623
4508
1576
1582
1624
1577
1583
1625
1578
1584
1626
1579
1585
1627
1580
1586
1628
1581
1587
1629
1588
1630
4515
1583
1589
1631
1584
1590
1632
1585
1591
1633
1586
1592
1634
1587
1593
1635
1588
1594
1636
1595
1637
4522
1590
1596
1638
1591
1597
1639
1592
1598
1640
1593
1599
1641
1594
1600
1642
1595
1601
1643
1602
1644
4529
1597
1603
1645
1598
1604
1646
1599
1605
1647
1600
1606
1648
1601
1607
1649
1602
1608
1650
1609
1651
4536
1604
1610
1652
1605
1611
1653
1606
1612
1654
1607
1613
1655
1608
1614
1656
1609
1615
1657
1616
1658
4543
1611
1659
3570
1612
1660
3563
1613
1661
3556
1614
1662
3549
1615
1663
3542
1616
1664
3535
1665
3528
4550
1618
1624
1666
1619
1625
1667
1620
1626
1668
1621
1627
1669
1622
1628
1670
1623
1629
1671
1630
1672
4557
1625
1631
1673
1626
1632
1674
1627
1633
1675
1628
1634
1676
1629
1635
1677
1630
1636
1678
1637
1679
4564
1632
1638
1680
1633
1639
1681
1634
1640
1682
1635
1641
1683
1636
1642
1684
1637
1643
1685
1644
1686
4571
1639
1645
1687
1640
1646
1688
1641
1647
1689
1642
1648
1690
1643
1649
1691
1644
1650
1692
1651
1693
4578
1646
1652
1694
1647
1653
1695
1648
1654
1696
1649
1655
1697
1650
1656
1698
1651
1657
1699
1658
1700
4585
1653
1659
1701
1654
1660
1702
1655
1661
1703
1656
1662
1704
1657
1663
1705
1658
1664
1706
1665
1707
4592
1660
1708
3619
1661
1709
3612
1662
1710
3605
1663
1711
3598
1664
1712
3591
1665
1713
3584
1714
3577
4599
1667
1673
1715
1668
1674
1716
1669
1675
1717
1670
1676
1718
1671
1677
1719
1672
1678
1720
1679
1721
4606
1674
1680
1722
1675
1681
1723
1676
1682
1724
1677
1683
1725
1678
1684
1726
1679
1685
1727
1686
1728
4613
1681
1687
1729
1682
1688
1730
1683
1689
1731
1684
1690
1732
1685
1691
1733
1686
1692
1734
1693
1735
4620
1688
1694
1736
1689
1695
1737
1690
1696
1738
1691
1697
1739
1692
1698
1740
1693
1699
1741
1700
1742
4627
1695
1701
1743
1696
1702
1744
1697
1703
1745
1698
1704
1746
1699
1705
1747
1700
1706
1748
1707
1749
4634
1702
1708
1750
1703
1709
1751
1704
1710
1752
1705
1711
1753
1706
1712
1754
1707
1713
1755
1714
1756
4641
1709
1757
3668
1710
1758
3661
1711
1759
3654
1712
1760
3647
1713
1761
3640
1714
1762
3633
1763
3626
4648
1716
1722
1764
1717
1723
1765
1718
1724
1766
1719
1725
1767
1720
1726
1768
1721
1727
1769
1728
1770
4655
1723
1729
1771
1724
1730
1772
1725
1731
1773
1726
1732
1774
1727
1733
1775
1728
1734
1776
1735
1777
4662
1730
1736
1778
1731
1737
1779
1732
1738
1780
1733
1739
1781
1734
1740
1782
1735
1741
1783
1742
1784
4669
1737
1743
1785
1738
1744
1786
1739
1745
1787
1740
1746
1788
1741
1747
1789
1742
1748
1790
1749
1791
4676
1744
1750
1792
1745
1751
1793
1746
1752
1794
1747
1753
1795
1748
1754
1796
1749
1755
1797
1756
1798
4683
1751
1757
1799
1752
1758
1800
1753
1759
1801
1754
1760
1802
1755
1761
1803
1756
1762
1804
1763
1805
4690
1758
1806
3717
1759
1807
3710
1760
1808
3703
1761
1809
3696
1762
1810
3689
1763
1811
3682
1812
3675
4697
1765
1771
1813
1766
1772
1814
1767
1773
1815
1768
1774
1816
1769
1775
1817
1770
1776
1818
1777
1819
4704
1772
1778
1820
1773
1779
1821
1774
1780
1822
1775
1781
1823
1776
1782
1824
1777
1783
1825
1784
1826
4711
1779
1785
1827
1780
1786
1828
1781
1787
1829
1782
1788
1830
1783
1789
1831
1784
1790
1832
1791
1833
4718
1786
1792
1834
1787
1793
1835
1788
1794
1836
1789
1795
1837
1790
1796
1838
1791
1797
1839
1798
1840
4725
1793
1799
1841
1794
1800
1842
1795
1801
1843
1796
1802
1844
1797
1803
1845
1798
1804
1846
1805
1847
4732
1800
1806
1848
1801
1807
1849
1802
1808
1850
1803
1809
1851
1804
1810
1852
1805
1811
1853
1812
1854
4739
1807
1855
3766
1808
1856
3759
1809
1857
3752
1810
1858
3745
1811
1859
3738
1812
1860
3731
1861
3724
4746
1814
1820
1862
1815
1821
1863
1816
1822
1864
1817
1823
1865
1818
1824
1866
1819
1825
1867
1826
1868
4753
1821
1827
1869
1822
1828
1870
1823
1829
1871
1824
1830
1872
1825
1831
1873
1826
1832
1874
1833
1875
4760
1828
1834
1876
1829
1835
1877
1830
1836
1878
1831
1837
1879
1832
1838
1880
1833
1839
1881
1840
1882
4767
1835
1841
1883
1836
1842
1884
1837
1843
1885
1838
1844
1886
1839
1845
1887
1840
1846
1888
1847
1889
4774
1842
1848
1890
1843
1849
1891
1844
1850
1892
1845
1851
1893
1846
1852
1894
1847
1853
1895
1854
1896
4781
1849
1855
1897
1850
1856
1898
1851
1857
1899
1852
1858
1900
1853
1859
1901
1854
1860
1902
1861
1903
4788
1856
1904
3815
1857
1905
3808
1858
1906
3801
1859
1907
3794
1860
1908
3787
1861
1909
3780
1910
3773
4795
1863
1869
1911
1864
1870
1912
1865
1871
1913
1866
1872
1914
1867
1873
1915
1868
1874
1916
1875
1917
4802
1870
1876
1918
1871
1877
1919
1872
1878
1920
1873
1879
1921
1874
1880
1922
1875
1881
1923
1882
1924
4809
1877
1883
1925
1878
1884
1926
1879
1885
1927
1880
1886
1928
1881
1887
1929
1882
1888
1930
1889
1931
4816
1884
1890
1932
1885
1891
1933
1886
1892
1934
1887
1893
1935
1888
1894
1936
1889
1895
1937
1896
1938
4823
1891
1897
1939
1892
1898
1940
1893
1899
1941
1894
1900
1942
1895
1901
1943
1896
1902
1944
1903
1945
4830
1898
1904
1946
1899
1905
1947
1900
1906
1948
1901
1907
1949
1902
1908
1950
1903
1909
1951
1910
1952
4837
1905
1953
3864
1906
1954
3857
1907
1955
3850
1908
1956
3843
1909
1957
3836
1910
1958
3829
1959
3822
4844
1912
1918
1913
1919
1914
1920
1915
1921
1916
1922
1917
1923
1924
4851
1919
1925
1920
1926
1921
1927
1922
1928
1923
1929
1924
1930
1931
4858
1926
1932
1927
1933
1928
1934
1929
1935
1930
1936
1931
1937
1938
4865
1933
1939
1934
1940
1935
1941
1936
1942
1937
1943
1938
1944
1945
4872
1940
1946
1941
1947
1942
1948
1943
1949
1944
1950
1945
1951
1952
4879
1947
1953
1948
1954
1949
1955
1950
1956
1951
1957
1952
1958
1959
4886
1954
3913
1955
3906
1956
3899
1957
3892
1958
3885
1959
3878
3871
4893
1961
1967
2009
3926
1962
1968
2010
1963
1969
2011
1964
1970
2012
1965
1971
2013
1966
1972
2014
1973
2015
1968
1974
2016
3933
1969
1975
2017
1970
1976
2018
1971
1977
2019
1972
1978
2020
1973
1979
2021
1980
2022
1975
1981
2023
3940
1976
1982
2024
1977
1983
2025
1978
1984
2026
1979
1985
2027
1980
1986
2028
1987
2029
1982
1988
2030
3947
1983
1989
2031
1984
1990
2032
1985
1991
2033
1986
1992
2034
1987
1993
2035
1994
2036
1989
1995
2037
3954
1990
1996
2038
1991
1997
2039
1992
1998
2040
1993
1999
2041
1994
2000
2042
2001
2043
1996
2002
2044
3961
1997
2003
2045
1998
2004
2046
1999
2005
2047
2000
2006
2048
2001
2007
2049
2008
2050
2003
2051
2946
3968
2004
2052
2953
2005
2053
2960
2006
2054
2967
2007
2055
2974
2008
2056
2981
2057
2988
2010
2016
2058
3975
2011
2017
2059
2012
2018
2060
2013
2019
2061
2014
2020
2062
2015
2021
2063
2022
2064
2017
2023
2065
3982
2018
2024
2066
2019
2025
2067
2020
2026
2068
2021
2027
2069
2022
2028
2070
2029
2071
2024
2030
2072
3989
2025
2031
2073
2026
2032
2074
2027
2033
2075
2028
2034
2076
2029
2035
2077
2036
2078
2031
2037
2079
3996
2032
2038
2080
2033
2039
2081
2034
2040
2082
2035
2041
2083
2036
2042
2084
2043
2085
2038
2044
2086
4003
2039
2045
2087
2040
2046
2088
2041
2047
2089
2042
2048
2090
2043
2049
2091
2050
2092
2045
2051
2093
4010
2046
2052
2094
2047
2053
2095
2048
2054
2096
2049
2055
2097
2050
2056
2098
2057
2099
2052
2100
2995
4017
2053
2101
3002
2054
2102
3009
2055
2103
3016
2056
2104
3023
2057
2105
3030
2106
3037
2059
2065
2107
4024
2060
2066
2108
2061
2067
2109
2062
2068
2110
2063
2069
2111
2064
2070
2112
2071
2113
2066
2072
2114
4031
2067
2073
2115
2068
2074
2116
2069
2075
2117
2070
2076
2118
2071
2077
2119
2078
2120
2073
2079
2121
4038
2074
2080
2122
2075
2081
2123
2076
2082
2124
2077
2083
2125
2078
2084
2126
2085
2127
2080
2086
2128
4045
2081
2087
2129
2082
2088
2130
2083
2089
2131
2084
2090
2132
2085
2091
2133
2092
2134
2087
2093
2135
4052
2088
2094
2136
2089
2095
2137
2090
2096
2138
2091
2097
2139
2092
2098
2140
2099
2141
2094
2100
2142
4059
2095
2101
2143
2096
2102
2144
2097
2103
2145
2098
2104
2146
2099
2105
2147
2106
2148
2101
2149
3044
4066
2102
2150
3051
2103
2151
3058
2104
2152
3065
2105
2153
3072
2106
2154
3079
2155
3086
2108
2114
2156
4073
2109
2115
2157
2110
2116
2158
2111
2117
2159
2112
2118
2160
2113
2119
2161
2120
2162
2115
2121
2163
4080
2116
2122
2164
2117
2123
2165
2118
2124
2166
2119
2125
2167
2120
2126
2168
2127
2169
2122
2128
2170
4087
2123
2129
2171
2124
2130
2172
2125
2131
2173
2126
2132
2174
2127
2133
2175
2134
2176
2129
2135
2177
4094
2130
2136
2178
2131
2137
2179
2132
2138
2180
2133
2139
2181
2134
2140
2182
2141
2183
2136
2142
2184
4101
2137
2143
2185
2138
2144
2186
2139
2145
2187
2140
2146
2188
2141
2147
2189
2148
2190
2143
2149
2191
4108
2144
2150
2192
2145
2151
2193
2146
2152
2194
2147
2153
2195
2148
2154
2196
2155
2197
2150
2198
3093
4115
2151
2199
3100
2152
2200
3107
2153
2201
3114
2154
2202
3121
2155
2203
3128
2204
3135
2157
2163
2205
4122
2158
2164
2206
2159
2165
2207
2160
2166
2208
2161
2167
2209
2162
2168
2210
2169
2211
2164
2170
2212
4129
2165
2171
2213
2166
2172
2214
2167
2173
2215
2168
2174
2216
2169
2175
2217
2176
2218
2171
2177
2219
4136
2172
2178
2220
2173
2179
2221
2174
2180
2222
2175
2181
2223
2176
2182
2224
2183
2225
2178
2184
2226
4143
2179
2185
2227
2180
2186
2228
2181
2187
2229
2182
2188
2230
2183
2189
2231
2190
2232
2185
2191
2233
4150
2186
2192
2234
2187
2193
2235
2188
2194
2236
2189
2195
2237
2190
2196
2238
2197
2239
2192
2198
2240
4157
2193
2199
2241
2194
2200
2242
2195
2201
2243
2196
2202
2244
2197
2203
2245
2204
2246
2199
2247
3142
4164
2200
2248
3149
2201
2249
3156
2202
2250
3163
2203
2251
3170
2204
2252
3177
2253
3184
2206
2212
2254
4171
2207
2213
2255
2208
2214
2256
2209
2215
2257
2210
2216
2258
2211
2217
2259
2218
2260
2213
2219
2261
4178
2214
2220
2262
2215
2221
2263
2216
2222
2264
2217
2223
2265
2218
2224
2266
2225
2267
2220
2226
2268
4185
2221
2227
2269
2222
2228
2270
2223
2229
2271
2224
2230
2272
2225
2231
2273
2232
2274
2227
2233
2275
4192
2228
2234
2276
2229
2235
2277
2230
2236
2278
2231
2237
2279
2232
2238
2280
2239
2281
2234
2240
2282
4199
2235
2241
2283
2236
2242
2284
2237
2243
2285
2238
2244
2286
2239
2245
2287
2246
2288
2241
2247
2289
4206
2242
2248
2290
2243
2249
2291
2244
2250
2292
2245
2251
2293
2246
2252
2294
2253
2295
2248
2296
3191
4213
2249
2297
3198
2250
2298
3205
2251
2299
3212
2252
2300
3219
2253
2301
3226
2302
3233
2255
2261
2303
4220
2256
2262
2304
2257
2263
2305
2258
2264
2306
2259
2265
2307
2260
2266
2308
2267
2309
2262
2268
2310
4227
2263
2269
2311
2264
2270
2312
2265
2271
2313
2266
2272
2314
2267
2273
2315
2274
2316
2269
2275
2317
4234
2270
2276
2318
2271
2277
2319
2272
2278
2320
2273
2279
2321
2274
2280
2322
2281
2323
2276
2282
2324
4241
2277
2283
2325
2278
2284
2326
2279
2285
2327
2280
2286
2328
2281
2287
2329
2288
2330
2283
2289
2331
4248
2284
2290
2332
2285
2291
2333
2286
2292
2334
2287
2293
2335
2288
2294
2336
2295
2337
2290
2296
2338
4255
2291
2297
2339
2292
2298
2340
2293
2299
2341
2294
2300
2342
2295
2301
2343
2302
2344
2297
2345
3240
4262
2298
2346
3247
2299
2347
3254
2300
2348
3261
2301
2349
3268
2302
2350
3275
2351
3282
2304
2310
2352
4269
2305
2311
2353
2306
2312
2354
2307
2313
2355
2308
2314
2356
2309
2315
2357
2316
2358
2311
2317
2359
4276
2312
2318
2360
2313
2319
2361
2314
2320
2362
2315
2321
2363
2316
2322
2364
2323
2365
2318
2324
2366
4283
2319
2325
2367
2320
2326
2368
2321
2327
2369
2322
2328
2370
2323
2329
2371
2330
2372
2325
2331
2373
4290
2326
2332
2374
2327
2333
2375
2328
2334
2376
2329
2335
2377
2330
2336
2378
2337
2379
2332
2338
2380
4297
2333
2339
2381
2334
2340
2382
2335
2341
2383
2336
2342
2384
2337
2343
2385
2344
2386
2339
2345
2387
4304
2340
2346
2388
2341
2347
2389
2342
2348
2390
2343
2349
2391
2344
2350
2392
2351
2393
2346
2394
3289
4311
2347
2395
3296
2348
2396
3303
2349
2397
3310
2350
2398
3317
2351
2399
3324
2400
3331
2353
2359
2401
4318
2354
2360
2402
2355
2361
2403
2356
2362
2404
2357
2363
2405
2358
2364
2406
2365
2407
2360
2366
2408
4325
2361
2367
2409
2362
2368
2410
2363
2369
2411
2364
2370
2412
2365
2371
2413
2372
2414
2367
2373
2415
4332
2368
2374
2416
2369
2375
2417
2370
2376
2418
2371
2377
2419
2372
2378
2420
2379
2421
2374
2380
2422
4339
2375
2381
2423
2376
2382
2424
2377
2383
2425
2378
2384
2426
2379
2385
2427
2386
2428
2381
2387
2429
4346
2382
2388
2430
2383
2389
2431
2384
2390
2432
2385
2391
2433
2386
2392
2434
2393
2435
2388
2394
2436
4353
2389
2395
2437
2390
2396
2438
2391
2397
2439
2392
2398
2440
2393
2399
2441
2400
2442
2395
2443
3338
4360
2396
2444
3345
2397
2445
3352
2398
2446
3359
2399
2447
3366
2400
2448
3373
2449
3380
2402
2408
2450
4367
2403
2409
2451
2404
2410
2452
2405
2411
2453
2406
2412
2454
2407
2413
2455
2414
2456
2409
2415
2457
4374
2410
2416
2458
2411
2417
2459
2412
2418
2460
2413
2419
2461
2414
2420
2462
2421
2463
2416
2422
2464
4381
2417
2423
2465
2418
2424
2466
2419
2425
2467
2420
2426
2468
2421
2427
2469
2428
2470
2423
2429
2471
4388
2424
2430
2472
2425
2431
2473
2426
2432
2474
2427
2433
2475
2428
2434
2476
2435
2477
2430
2436
2478
4395
2431
2437
2479
2432
2438
2480
2433
2439
2481
2434
2440
2482
2435
2441
2483
2442
2484
2437
2443
2485
4402
2438
2444
2486
2439
2445
2487
2440
2446
2488
2441
2447
2489
2442
2448
2490
2449
2491
2444
2492
3387
4409
2445
2493
3394
2446
2494
3401
2447
2495
3408
2448
2496
3415
2449
2497
3422
2498
3429
2451
2457
2499
4416
2452
2458
2500
2453
2459
2501
2454
2460
2502
2455
2461
2503
2456
2462
2504
2463
2505
2458
2464
2506
4423
2459
2465
2507
2460
2466
2508
2461
2467
2509
2462
2468
2510
2463
2469
2511
2470
2512
2465
2471
2513
4430
2466
2472
2514
2467
2473
2515
2468
2474
2516
2469
2475
2517
2470
2476
2518
2477
2519
2472
2478
2520
4437
2473
2479
2521
2474
2480
2522
2475
2481
2523
2476
2482
2524
2477
2483
2525
2484
2526
2479
2485
2527
4444
2480
2486
2528
2481
2487
2529
2482
2488
2530
2483
2489
2531
2484
2490
2532
2491
2533
2486
2492
2534
4451
2487
2493
2535
2488
2494
2536
2489
2495
2537
2490
2496
2538
2491
2497
2539
2498
2540
2493
2541
3436
4458
2494
2542
3443
2495
2543
3450
2496
2544
3457
2497
2545
3464
2498
2546
3471
2547
3478
2500
2506
2548
4465
2501
2507
2549
2502
2508
2550
2503
2509
2551
2504
2510
2552
2505
2511
2553
2512
2554
2507
2513
2555
4472
2508
2514
2556
2509
2515
2557
2510
2516
2558
2511
2517
2559
2512
2518
2560
2519
2561
2514
2520
2562
4479
2515
2521
2563
2516
2522
2564
2517
2523
2565
2518
2524
2566
2519
2525
2567
2526
2568
2521
2527
2569
4486
2522
2528
2570
2523
2529
2571
2524
2530
2572
2525
2531
2573
2526
2532
2574
2533
2575
2528
2534
2576
4493
2529
2535
2577
2530
2536
2578
2531
2537
2579
2532
2538
2580
2533
2539
2581
2540
2582
2535
2541
2583
4500
2536
2542
2584
2537
2543
2585
2538
2544
2586
2539
2545
2587
2540
2546
2588
2547
2589
2542
2590
3485
4507
2543
2591
3492
2544
2592
3499
2545
2593
3506
2546
2594
3513
2547
2595
3520
2596
3527
2549
2555
2597
4514
2550
2556
2598
2551
2557
2599
2552
2558
2600
2553
2559
2601
2554
2560
2602
2561
2603
2556
2562
2604
4521
2557
2563
2605
2558
2564
2606
2559
2565
2607
2560
2566
2608
2561
2567
2609
2568
2610
2563
2569
2611
4528
2564
2570
2612
2565
2571
2613
2566
2572
2614
2567
2573
2615
2568
2574
2616
2575
2617
2570
2576
2618
4535
2571
2577
2619
2572
2578
2620
2573
2579
2621
2574
2580
2622
2575
2581
2623
2582
2624
2577
2583
2625
4542
2578
2584
2626
2579
2585
2627
2580
2586
2628
2581
2587
2629
2582
2588
2630
2589
2631
2584
2590
2632
4549
2585
2591
2633
2586
2592
2634
2587
2593
2635
2588
2594
2636
2589
2595
2637
2596
2638
2591
2639
3534
4556
2592
2640
3541
2593
2641
3548
2594
2642
3555
2595
2643
3562
2596
2644
3569
2645
3576
2598
2604
2646
4563
2599
2605
2647
2600
2606
2648
2601
2607
2649
2602
2608
2650
2603
2609
2651
2610
2652
2605
2611
2653
4570
2606
2612
2654
2607
2613
2655
2608
2614
2656
2609
2615
2657
2610
2616
2658
2617
2659
2612
2618
2660
4577
2613
2619
2661
2614
2620
2662
2615
2621
2663
2616
2622
2664
2617
2623
2665
2624
2666
2619
2625
2667
4584
2620
2626
2668
2621
2627
2669
2622
2628
2670
2623
2629
2671
2624
2630
2672
2631
2673
2626
2632
2674
4591
2627
2633
2675
2628
2634
2676
2629
2635
2677
2630
2636
2678
2631
2637
2679
2638
2680
2633
2639
2681
4598
2634
2640
2682
2635
2641
2683
2636
2642
2684
2637
2643
2685
2638
2644
2686
2645
2687
2640
2688
3583
4605
2641
2689
3590
2642
2690
3597
2643
2691
3604
2644
2692
3611
2645
2693
3618
2694
3625
2647
2653
2695
4612
2648
2654
2696
2649
2655
2697
2650
2656
2698
2651
2657
2699
2652
2658
2700
2659
2701
2654
2660
2702
4619
2655
2661
2703
2656
2662
2704
2657
2663
2705
2658
2664
2706
2659
2665
2707
2666
2708
2661
2667
2709
4626
2662
2668
2710
2663
2669
2711
2664
2670
2712
2665
2671
2713
2666
2672
2714
2673
2715
2668
2674
2716
4633
2669
2675
2717
2670
2676
2718
2671
2677
2719
2672
2678
2720
2673
2679
2721
2680
2722
2675
2681
2723
4640
2676
2682
2724
2677
2683
2725
2678
2684
2726
2679
2685
2727
2680
2686
2728
2687
2729
2682
2688
2730
4647
2683
2689
2731
2684
2690
2732
2685
2691
2733
2686
2692
2734
2687
2693
2735
2694
2736
2689
2737
3632
4654
2690
2738
3639
2691
2739
3646
2692
2740
3653
2693
2741
3660
2694
2742
3667
2743
3674
2696
2702
2744
4661
2697
2703
2745
2698
2704
2746
2699
2705
2747
2700
2706
2748
2701
2707
2749
2708
2750
2703
2709
2751
4668
2704
2710
2752
2705
2711
2753
2706
2712
2754
2707
2713
2755
2708
2714
2756
2715
2757
2710
2716
2758
4675
2711
2717
2759
2712
2718
2760
2713
2719
2761
2714
2720
2762
2715
2721
2763
2722
2764
2717
2723
2765
4682
2718
2724
2766
2719
2725
2767
2720
2726
2768
2721
2727
2769
2722
2728
2770
2729
2771
2724
2730
2772
4689
2725
2731
2773
2726
2732
2774
2727
2733
2775
2728
2734
2776
2729
2735
2777
2736
2778
2731
2737
2779
4696
2732
2738
2780
2733
2739
2781
2734
2740
2782
2735
2741
2783
2736
2742
2784
2743
2785
2738
2786
3681
4703
2739
2787
3688
2740
2788
3695
2741
2789
3702
2742
2790
3709
2743
2791
3716
2792
3723
2745
2751
2793
4710
2746
2752
2794
2747
2753
2795
2748
2754
2796
2749
2755
2797
2750
2756
2798
2757
2799
2752
2758
2800
4717
2753
2759
2801
2754
2760
2802
2755
2761
2803
2756
2762
2804
2757
2763
2805
2764
2806
2759
2765
2807
4724
2760
2766
2808
2761
2767
2809
2762
2768
2810
2763
2769
2811
2764
2770
2812
2771
2813
2766
2772
2814
4731
2767
2773
2815
2768
2774
2816
2769
2775
2817
2770
2776
2818
2771
2777
2819
2778
2820
2773
2779
2821
4738
2774
2780
2822
2775
2781
2823
2776
2782
2824
2777
2783
2825
2778
2784
2826
2785
2827
2780
2786
2828
4745
2781
2787
2829
2782
2788
2830
2783
2789
2831
2784
2790
2832
2785
2791
2833
2792
2834
2787
2835
3730
4752
2788
2836
3737
2789
2837
3744
2790
2838
3751
2791
2839
3758
2792
2840
3765
2841
3772
2794
2800
2842
4759
2795
2801
2843
2796
2802
2844
2797
2803
2845
2798
2804
2846
2799
2805
2847
2806
2848
2801
2807
2849
4766
2802
2808
2850
2803
2809
2851
2804
2810
2852
2805
2811
2853
2806
2812
2854
2813
2855
2808
2814
2856
4773
2809
2815
2857
2810
2816
2858
2811
2817
2859
2812
2818
2860
2813
2819
2861
2820
2862
2815
2821
2863
4780
2816
2822
2864
2817
2823
2865
2818
2824
2866
2819
2825
2867
2820
2826
2868
2827
2869
2822
2828
2870
4787
2823
2829
2871
2824
2830
2872
2825
2831
2873
2826
2832
2874
2827
2833
2875
2834
2876
2829
2835
2877
4794
2830
2836
2878
2831
2837
2879
2832
2838
2880
2833
2839
2881
2834
2840
2882
2841
2883
2836
2884
3779
4801
2837
2885
3786
2838
2886
3793
2839
2887
3800
2840
2888
3807
2841
2889
3814
2890
3821
2843
2849
2891
4808
2844
2850
2892
2845
2851
2893
2846
2852
2894
2847
2853
2895
2848
2854
2896
2855
2897
2850
2856
2898
4815
2851
2857
2899
2852
2858
2900
2853
2859
2901
2854
2860
2902
2855
2861
2903
2862
2904
2857
2863
2905
4822
2858
2864
2906
2859
2865
2907
2860
2866
2908
2861
2867
2909
2862
2868
2910
2869
2911
2864
2870
2912
4829
2865
2871
2913
2866
2872
2914
2867
2873
2915
2868
2874
2916
2869
2875
2917
2876
2918
2871
2877
2919
4836
2872
2878
2920
2873
2879
2921
2874
2880
2922
2875
2881
2923
2876
2882
2924
2883
2925
2878
2884
2926
4843
2879
2885
2927
2880
2886
2928
2881
2887
2929
2882
2888
2930
2883
2889
2931
2890
2932
2885
2933
3828
4850
2886
2934
3835
2887
2935
3842
2888
2936
3849
2889
2937
3856
2890
2938
3863
2939
3870
2892
2898
4857
2893
2899
2894
2900
2895
2901
2896
2902
2897
2903
2904
2899
2905
4864
2900
2906
2901
2907
2902
2908
2903
2909
2904
2910
2911
2906
2912
4871
2907
2913
2908
2914
2909
2915
2910
2916
2911
2917
2918
2913
2919
4878
2914
2920
2915
2921
2916
2922
2917
2923
2918
2924
2925
2920
2926
4885
2921
2927
2922
2928
2923
2929
2924
2930
2925
2931
2932
2927
2933
4892
2928
2934
2929
2935
2930
2936
2931
2937
2932
2938
2939
2934
3877
4899
2935
3884
2936
3891
2937
3898
2938
3905
2939
3912
3919
2941
2947
2989
3962
2942
2948
2990
3963
2943
2949
2991
3964
2944
2950
2992
3965
2945
2951
2993
3966
2946
2952
2994
3967
2953
2995
3968
2948
2954
2996
2949
2955
2997
2950
2956
2998
2951
2957
2999
2952
2958
3000
2953
2959
3001
2960
3002
2955
2961
3003
2956
2962
3004
2957
2963
3005
2958
2964
3006
2959
2965
3007
2960
2966
3008
2967
3009
2962
2968
3010
2963
2969
3011
2964
2970
3012
2965
2971
3013
2966
2972
3014
2967
2973
3015
2974
3016
2969
2975
3017
2970
2976
3018
2971
2977
3019
2972
2978
3020
2973
2979
3021
2974
2980
3022
2981
3023
2976
2982
3024
2977
2983
3025
2978
2984
3026
2979
2985
3027
2980
2986
3028
2981
2987
3029
2988
3030
2983
3031
2984
3032
2985
3033
2986
3034
2987
3035
2988
3036
3037
2990
2996
3038
4011
2991
2997
3039
4012
2992
2998
3040
4013
2993
2999
3041
4014
2994
3000
3042
4015
2995
3001
3043
4016
3002
3044
4017
2997
3003
3045
2998
3004
3046
2999
3005
3047
3000
3006
3048
3001
3007
3049
3002
3008
3050
3009
3051
3004
3010
3052
3005
3011
3053
3006
3012
3054
3007
3013
3055
3008
3014
3056
3009
3015
3057
3016
3058
3011
3017
3059
3012
3018
3060
3013
3019
3061
3014
3020
3062
3015
3021
3063
3016
3022
3064
3023
3065
3018
3024
3066
3019
3025
3067
3020
3026
3068
3021
3027
3069
3022
3028
3070
3023
3029
3071
3030
3072
3025
3031
3073
3026
3032
3074
3027
3033
3075
3028
3034
3076
3029
3035
3077
3030
3036
3078
3037
3079
3032
3080
3033
3081
3034
3082
3035
3083
3036
3084
3037
3085
3086
3039
3045
3087
4060
3040
3046
3088
4061
3041
3047
3089
4062
3042
3048
3090
4063
3043
3049
3091
4064
3044
3050
3092
4065
3051
3093
4066
3046
3052
3094
3047
3053
3095
3048
3054
3096
3049
3055
3097
3050
3056
3098
3051
3057
3099
3058
3100
3053
3059
3101
3054
3060
3102
3055
3061
3103
3056
3062
3104
3057
3063
3105
3058
3064
3106
3065
3107
3060
3066
3108
3061
3067
3109
3062
3068
3110
3063
3069
3111
3064
3070
3112
3065
3071
3113
3072
3114
3067
3073
3115
3068
3074
3116
3069
3075
3117
3070
3076
3118
3071
3077
3119
3072
3078
3120
3079
3121
3074
3080
3122
3075
3081
3123
3076
3082
3124
3077
3083
3125
3078
3084
3126
3079
3085
3127
3086
3128
3081
3129
3082
3130
3083
3131
3084
3132
3085
3133
3086
3134
3135
3088
3094
3136
4109
3089
3095
3137
4110
3090
3096
3138
4111
3091
3097
3139
4112
3092
3098
3140
4113
3093
3099
3141
4114
3100
3142
4115
3095
3101
3143
3096
3102
3144
3097
3103
3145
3098
3104
3146
3099
3105
3147
3100
3106
3148
3107
3149
3102
3108
3150
3103
3109
3151
3104
3110
3152
3105
3111
3153
3106
3112
3154
3107
3113
3155
3114
3156
3109
3115
3157
3110
3116
3158
3111
3117
3159
3112
3118
3160
3113
3119
3161
3114
3120
3162
3121
3163
3116
3122
3164
3117
3123
3165
3118
3124
3166
3119
3125
3167
3120
3126
3168
3121
3127
3169
3128
3170
3123
3129
3171
3124
3130
3172
3125
3131
3173
3126
3132
3174
3127
3133
3175
3128
3134
3176
3135
3177
3130
3178
3131
3179
3132
3180
3133
3181
3134
3182
3135
3183
3184
3137
3143
3185
4158
3138
3144
3186
4159
3139
3145
3187
4160
3140
3146
3188
4161
3141
3147
3189
4162
3142
3148
3190
4163
3149
3191
4164
3144
3150
3192
3145
3151
3193
3146
3152
3194
3147
3153
3195
3148
3154
3196
3149
3155
3197
3156
3198
3151
3157
3199
3152
3158
3200
3153
3159
3201
3154
3160
3202
3155
3161
3203
3156
3162
3204
3163
3205
3158
3164
3206
3159
3165
3207
3160
3166
3208
3161
3167
3209
3162
3168
3210
3163
3169
3211
3170
3212
3165
3171
3213
3166
3172
3214
3167
3173
3215
3168
3174
3216
3169
3175
3217
3170
3176
3218
3177
3219
3172
3178
3220
3173
3179
3221
3174
3180
3222
3175
3181
3223
3176
3182
3224
3177
3183
3225
3184
3226
3179
3227
3180
3228
3181
3229
3182
3230
3183
3231
3184
3232
3233
3186
3192
3234
4207
3187
3193
3235
4208
3188
3194
3236
4209
3189
3195
3237
4210
3190
3196
3238
4211
3191
3197
3239
4212
3198
3240
4213
3193
3199
3241
3194
3200
3242
3195
3201
3243
3196
3202
3244
3197
3203
3245
3198
3204
3246
3205
3247
3200
3206
3248
3201
3207
3249
3202
3208
3250
3203
3209
3251
3204
3210
3252
3205
3211
3253
3212
3254
3207
3213
3255
3208
3214
3256
3209
3215
3257
3210
3216
3258
3211
3217
3259
3212
3218
3260
3219
3261
3214
3220
3262
3215
3221
3263
3216
3222
3264
3217
3223
3265
3218
3224
3266
3219
3225
3267
3226
3268
3221
3227
3269
3222
3228
3270
3223
3229
3271
3224
3230
3272
3225
3231
3273
3226
3232
3274
3233
3275
3228
3276
3229
3277
3230
3278
3231
3279
3232
3280
3233
3281
3282
3235
3241
3283
4256
3236
3242
3284
4257
3237
3243
3285
4258
3238
3244
3286
4259
3239
3245
3287
4260
3240
3246
3288
4261
3247
3289
4262
3242
3248
3290
3243
3249
3291
3244
3250
3292
3245
3251
3293
3246
3252
3294
3247
3253
3295
3254
3296
3249
3255
3297
3250
3256
3298
3251
3257
3299
3252
3258
3300
3253
3259
3301
3254
3260
3302
3261
3303
3256
3262
3304
3257
3263
3305
3258
3264
3306
3259
3265
3307
3260
3266
3308
3261
3267
3309
3268
3310
3263
3269
3311
3264
3270
3312
3265
3271
3313
3266
3272
3314
3267
3273
3315
3268
3274
3316
3275
3317
3270
3276
3318
3271
3277
3319
3272
3278
3320
3273
3279
3321
3274
3280
3322
3275
3281
3323
3282
3324
3277
3325
3278
3326
3279
3327
3280
3328
3281
3329
3282
3330
3331
3284
3290
3332
4305
3285
3291
3333
4306
3286
3292
3334
4307
3287
3293
3335
4308
3288
3294
3336
4309
3289
3295
3337
4310
3296
3338
4311
3291
3297
3339
3292
3298
3340
3293
3299
3341
3294
3300
3342
3295
3301
3343
3296
3302
3344
3303
3345
3298
3304
3346
3299
3305
3347
3300
3306
3348
3301
3307
3349
3302
3308
3350
3303
3309
3351
3310
3352
3305
3311
3353
3306
3312
3354
3307
3313
3355
3308
3314
3356
3309
3315
3357
3310
3316
3358
3317
3359
3312
3318
3360
3313
3319
3361
3314
3320
3362
3315
3321
3363
3316
3322
3364
3317
3323
3365
3324
3366
3319
3325
3367
3320
3326
3368
3321
3327
3369
3322
3328
3370
3323
3329
3371
3324
3330
3372
3331
3373
3326
3374
3327
3375
3328
3376
3329
3377
3330
3378
3331
3379
3380
3333
3339
3381
4354
3334
3340
3382
4355
3335
3341
3383
4356
3336
3342
3384
4357
3337
3343
3385
4358
3338
3344
3386
4359
3345
3387
4360
3340
3346
3388
3341
3347
3389
3342
3348
3390
3343
3349
3391
3344
3350
3392
3345
3351
3393
3352
3394
3347
3353
3395
3348
3354
3396
3349
3355
3397
3350
3356
3398
3351
3357
3399
3352
3358
3400
3359
3401
3354
3360
3402
3355
3361
3403
3356
3362
3404
3357
3363
3405
3358
3364
3406
3359
3365
3407
3366
3408
3361
3367
3409
3362
3368
3410
3363
3369
3411
3364
3370
3412
3365
3371
3413
3366
3372
3414
3373
3415
3368
3374
3416
3369
3375
3417
3370
3376
3418
3371
3377
3419
3372
3378
3420
3373
3379
3421
3380
3422
3375
3423
3376
3424
3377
3425
3378
3426
3379
3427
3380
3428
3429
3382
3388
3430
4403
3383
3389
3431
4404
3384
3390
3432
4405
3385
3391
3433
4406
3386
3392
3434
4407
3387
3393
3435
4408
3394
3436
4409
3389
3395
3437
3390
3396
3438
3391
3397
3439
3392
3398
3440
3393
3399
3441
3394
3400
3442
3401
3443
3396
3402
3444
3397
3403
3445
3398
3404
3446
3399
3405
3447
3400
3406
3448
3401
3407
3449
3408
3450
3403
3409
3451
3404
3410
3452
3405
3411
3453
3406
3412
3454
3407
3413
3455
3408
3414
3456
3415
3457
3410
3416
3458
3411
3417
3459
3412
3418
3460
3413
3419
3461
3414
3420
3462
3415
3421
3463
3422
3464
3417
3423
3465
3418
3424
3466
3419
3425
3467
3420
3426
3468
3421
3427
3469
3422
3428
3470
3429
3471
3424
3472
3425
3473
3426
3474
3427
3475
3428
3476
3429
3477
3478
3431
3437
3479
4452
3432
3438
3480
4453
3433
3439
3481
4454
3434
3440
3482
4455
3435
3441
3483
4456
3436
3442
3484
4457
3443
3485
4458
3438
3444
3486
3439
3445
3487
3440
3446
3488
3441
3447
3489
3442
3448
3490
3443
3449
3491
3450
3492
3445
3451
3493
3446
3452
3494
3447
3453
3495
3448
3454
3496
3449
3455
3497
3450
3456
3498
3457
3499
3452
3458
3500
3453
3459
3501
3454
3460
3502
3455
3461
3503
3456
3462
3504
3457
3463
3505
3464
3506
3459
3465
3507
3460
3466
3508
3461
3467
3509
3462
3468
3510
3463
3469
3511
3464
3470
3512
3471
3513
3466
3472
3514
3467
3473
3515
3468
3474
3516
3469
3475
3517
3470
3476
3518
3471
3477
3519
3478
3520
3473
3521
3474
3522
3475
3523
3476
3524
3477
3525
3478
3526
3527
3480
3486
3528
4501
3481
3487
3529
4502
3482
3488
3530
4503
3483
3489
3531
4504
3484
3490
3532
4505
3485
3491
3533
4506
3492
3534
4507
3487
3493
3535
3488
3494
3536
3489
3495
3537
3490
3496
3538
3491
3497
3539
3492
3498
3540
3499
3541
3494
3500
3542
3495
3501
3543
3496
3502
3544
3497
3503
3545
3498
3504
3546
3499
3505
3547
3506
3548
3501
3507
3549
3502
3508
3550
3503
3509
3551
3504
3510
3552
3505
3511
3553
3506
3512
3554
3513
3555
3508
3514
3556
3509
3515
3557
3510
3516
3558
3511
3517
3559
3512
3518
3560
3513
3519
3561
3520
3562
3515
3521
3563
3516
3522
3564
3517
3523
3565
3518
3524
3566
3519
3525
3567
3520
3526
3568
3527
3569
3522
3570
3523
3571
3524
3572
3525
3573
3526
3574
3527
3575
3576
3529
3535
3577
4550
3530
3536
3578
4551
3531
3537
3579
4552
3532
3538
3580
4553
3533
3539
3581
4554
3534
3540
3582
4555
3541
3583
4556
3536
3542
3584
3537
3543
3585
3538
3544
3586
3539
3545
3587
3540
3546
3588
3541
3547
3589
3548
3590
3543
3549
3591
3544
3550
3592
3545
3551
3593
3546
3552
3594
3547
3553
3595
3548
3554
3596
3555
3597
3550
3556
3598
3551
3557
3599
3552
3558
3600
3553
3559
3601
3554
3560
3602
3555
3561
3603
3562
3604
3557
3563
3605
3558
3564
3606
3559
3565
3607
3560
3566
3608
3561
3567
3609
3562
3568
3610
3569
3611
3564
3570
3612
3565
3571
3613
3566
3572
3614
3567
3573
3615
3568
3574
3616
3569
3575
3617
3576
3618
3571
3619
3572
3620
3573
3621
3574
3622
3575
3623
3576
3624
3625
3578
3584
3626
4599
3579
3585
3627
4600
3580
3586
3628
4601
3581
3587
3629
4602
3582
3588
3630
4603
3583
3589
3631
4604
3590
3632
4605
3585
3591
3633
3586
3592
3634
3587
3593
3635
3588
3594
3636
3589
3595
3637
3590
3596
3638
3597
3639
3592
3598
3640
3593
3599
3641
3594
3600
3642
3595
3601
3643
3596
3602
3644
3597
3603
3645
3604
3646
3599
3605
3647
3600
3606
3648
3601
3607
3649
3602
3608
3650
3603
3609
3651
3604
3610
3652
3611
3653
3606
3612
3654
3607
3613
3655
3608
3614
3656
3609
3615
3657
3610
3616
3658
3611
3617
3659
3618
3660
3613
3619
3661
3614
3620
3662
3615
3621
3663
3616
3622
3664
3617
3623
3665
3618
3624
3666
3625
3667
3620
3668
3621
3669
3622
3670
3623
3671
3624
3672
3625
3673
3674
3627
3633
3675
4648
3628
3634
3676
4649
3629
3635
3677
4650
3630
3636
3678
4651
3631
3637
3679
4652
3632
3638
3680
4653
3639
3681
4654
3634
3640
3682
3635
3641
3683
3636
3642
3684
3637
3643
3685
3638
3644
3686
3639
3645
3687
3646
3688
3641
3647
3689
3642
3648
3690
3643
3649
3691
3644
3650
3692
3645
3651
3693
3646
3652
3694
3653
3695
3648
3654
3696
3649
3655
3697
3650
3656
3698
3651
3657
3699
3652
3658
3700
3653
3659
3701
3660
3702
3655
3661
3703
3656
3662
3704
3657
3663
3705
3658
3664
3706
3659
3665
3707
3660
3666
3708
3667
3709
3662
3668
3710
3663
3669
3711
3664
3670
3712
3665
3671
3713
3666
3672
3714
3667
3673
3715
3674
3716
3669
3717
3670
3718
3671
3719
3672
3720
3673
3721
3674
3722
3723
3676
3682
3724
4697
3677
3683
3725
4698
3678
3684
3726
4699
3679
3685
3727
4700
3680
3686
3728
4701
3681
3687
3729
4702
3688
3730
4703
3683
3689
3731
3684
3690
3732
3685
3691
3733
3686
3692
3734
3687
3693
3735
3688
3694
3736
3695
3737
3690
3696
3738
3691
3697
3739
3692
3698
3740
3693
3699
3741
3694
3700
3742
3695
3701
3743
3702
3744
3697
3703
3745
3698
3704
3746
3699
3705
3747
3700
3706
3748
3701
3707
3749
3702
3708
3750
3709
3751
3704
3710
3752
3705
3711
3753
3706
3712
3754
3707
3713
3755
3708
3714
3756
3709
3715
3757
3716
3758
3711
3717
3759
3712
3718
3760
3713
3719
3761
3714
3720
3762
3715
3721
3763
3716
3722
3764
3723
3765
3718
3766
3719
3767
3720
3768
3721
3769
3722
3770
3723
3771
3772
3725
3731
3773
4746
3726
3732
3774
4747
3727
3733
3775
4748
3728
3734
3776
4749
3729
3735
3777
4750
3730
3736
3778
4751
3737
3779
4752
3732
3738
3780
3733
3739
3781
3734
3740
3782
3735
3741
3783
3736
3742
3784
3737
3743
3785
3744
3786
3739
3745
3787
3740
3746
3788
3741
3747
3789
3742
3748
3790
3743
3749
3791
3744
3750
3792
3751
3793
3746
3752
3794
3747
3753
3795
3748
3754
3796
3749
3755
3797
3750
3756
3798
3751
3757
3799
3758
3800
3753
3759
3801
3754
3760
3802
3755
3761
3803
3756
3762
3804
3757
3763
3805
3758
3764
3806
3765
3807
3760
3766
3808
3761
3767
3809
3762
3768
3810
3763
3769
3811
3764
3770
3812
3765
3771
3813
3772
3814
3767
3815
3768
3816
3769
3817
3770
3818
3771
3819
3772
3820
3821
3774
3780
3822
4795
3775
3781
3823
4796
3776
3782
3824
4797
3777
3783
3825
4798
3778
3784
3826
4799
3779
3785
3827
4800
3786
3828
4801
3781
3787
3829
3782
3788
3830
3783
3789
3831
3784
3790
3832
3785
3791
3833
3786
3792
3834
3793
3835
3788
3794
3836
3789
3795
3837
3790
3796
3838
3791
3797
3839
3792
3798
3840
3793
3799
3841
3800
3842
3795
3801
3843
3796
3802
3844
3797
3803
3845
3798
3804
3846
3799
3805
3847
3800
3806
3848
3807
3849
3802
3808
3850
3803
3809
3851
3804
3810
3852
3805
3811
3853
3806
3812
3854
3807
3813
3855
3814
3856
3809
3815
3857
3810
3816
3858
3811
3817
3859
3812
3818
3860
3813
3819
3861
3814
3820
3862
3821
3863
3816
3864
3817
3865
3818
3866
3819
3867
3820
3868
3821
3869
3870
3823
3829
3871
4844
3824
3830
3872
4845
3825
3831
3873
4846
3826
3832
3874
4847
3827
3833
3875
4848
3828
3834
3876
4849
3835
3877
4850
3830
3836
3878
3831
3837
3879
3832
3838
3880
3833
3839
3881
3834
3840
3882
3835
3841
3883
3842
3884
3837
3843
3885
3838
3844
3886
3839
3845
3887
3840
3846
3888
3841
3847
3889
3842
3848
3890
3849
3891
3844
3850
3892
3845
3851
3893
3846
3852
3894
3847
3853
3895
3848
3854
3896
3849
3855
3897
3856
3898
3851
3857
3899
3852
3858
3900
3853
3859
3901
3854
3860
3902
3855
3861
3903
3856
3862
3904
3863
3905
3858
3864
3906
3859
3865
3907
3860
3866
3908
3861
3867
3909
3862
3868
3910
3863
3869
3911
3870
3912
3865
3913
3866
3914
3867
3915
3868
3916
3869
3917
3870
3918
3919
3872
3878
4893
3873
3879
4894
3874
3880
4895
3875
3881
4896
3876
3882
4897
3877
3883
4898
3884
4899
3879
3885
3880
3886
3881
3887
3882
3888
3883
3889
3884
3890
3891
3886
3892
3887
3893
3888
3894
3889
3895
3890
3896
3891
3897
3898
3893
3899
3894
3900
3895
3901
3896
3902
3897
3903
3898
3904
3905
3900
3906
3901
3907
3902
3908
3903
3909
3904
3910
3905
3911
3912
3907
3913
3908
3914
3909
3915
3910
3916
3911
3917
3912
3918
3919
3914
3915
3916
3917
3918
3919
3921
3927
3969
3922
3928
3970
3923
3929
3971
3924
3930
3972
3925
3931
3973
3926
3932
3974
3933
3975
3928
3934
3976
3929
3935
3977
3930
3936
3978
3931
3937
3979
3932
3938
3980
3933
3939
3981
3940
3982
3935
3941
3983
3936
3942
3984
3937
3943
3985
3938
3944
3986
3939
3945
3987
3940
3946
3988
3947
3989
3942
3948
3990
3943
3949
3991
3944
3950
3992
3945
3951
3993
3946
3952
3994
3947
3953
3995
3954
3996
3949
3955
3997
3950
3956
3998
3951
3957
3999
3952
3958
4000
3953
3959
4001
3954
3960
4002
3961
4003
3956
3962
4004
3957
3963
4005
3958
3964
4006
3959
3965
4007
3960
3966
4008
3961
3967
4009
3968
4010
3963
4011
3964
4012
3965
4013
3966
4014
3967
4015
3968
4016
4017
3970
3976
4018
3971
3977
4019
3972
3978
4020
3973
3979
4021
3974
3980
4022
3975
3981
4023
3982
4024
3977
3983
4025
3978
3984
4026
3979
3985
4027
3980
3986
4028
3981
3987
4029
3982
3988
4030
3989
4031
3984
3990
4032
3985
3991
4033
3986
3992
4034
3987
3993
4035
3988
3994
4036
3989
3995
4037
3996
4038
3991
3997
4039
3992
3998
4040
3993
3999
4041
3994
4000
4042
3995
4001
4043
3996
4002
4044
4003
4045
3998
4004
4046
3999
4005
4047
4000
4006
4048
4001
4007
4049
4002
4008
4050
4003
4009
4051
4010
4052
4005
4011
4053
4006
4012
4054
4007
4013
4055
4008
4014
4056
4009
4015
4057
4010
4016
4058
4017
4059
4012
4060
4013
4061
4014
4062
4015
4063
4016
4064
4017
4065
4066
4019
4025
4067
4020
4026
4068
4021
4027
4069
4022
4028
4070
4023
4029
4071
4024
4030
4072
4031
4073
4026
4032
4074
4027
4033
4075
4028
4034
4076
4029
4035
4077
4030
4036
4078
4031
4037
4079
4038
4080
4033
4039
4081
4034
4040
4082
4035
4041
4083
4036
4042
4084
4037
4043
4085
4038
4044
4086
4045
4087
4040
4046
4088
4041
4047
4089
4042
4048
4090
4043
4049
4091
4044
4050
4092
4045
4051
4093
4052
4094
4047
4053
4095
4048
4054
4096
4049
4055
4097
4050
4056
4098
4051
4057
4099
4052
4058
4100
4059
4101
4054
4060
4102
4055
4061
4103
4056
4062
4104
4057
4063
4105
4058
4064
4106
4059
4065
4107
4066
4108
4061
4109
4062
4110
4063
4111
4064
4112
4065
4113
4066
4114
4115
4068
4074
4116
4069
4075
4117
4070
4076
4118
4071
4077
4119
4072
4078
4120
4073
4079
4121
4080
4122
4075
4081
4123
4076
4082
4124
4077
4083
4125
4078
4084
4126
4079
4085
4127
4080
4086
4128
4087
4129
4082
4088
4130
4083
4089
4131
4084
4090
4132
4085
4091
4133
4086
4092
4134
4087
4093
4135
4094
4136
4089
4095
4137
4090
4096
4138
4091
4097
4139
4092
4098
4140
4093
4099
4141
4094
4100
4142
4101
4143
4096
4102
4144
4097
4103
4145
4098
4104
4146
4099
4105
4147
4100
4106
4148
4101
4107
4149
4108
4150
4103
4109
4151
4104
4110
4152
4105
4111
4153
4106
4112
4154
4107
4113
4155
4108
4114
4156
4115
4157
4110
4158
4111
4159
4112
4160
4113
4161
4114
4162
4115
4163
4164
4117
4123
4165
4118
4124
4166
4119
4125
4167
4120
4126
4168
4121
4127
4169
4122
4128
4170
4129
4171
4124
4130
4172
4125
4131
4173
4126
4132
4174
4127
4133
4175
4128
4134
4176
4129
4135
4177
4136
4178
4131
4137
4179
4132
4138
4180
4133
4139
4181
4134
4140
4182
4135
4141
4183
4136
4142
4184
4143
4185
4138
4144
4186
4139
4145
4187
4140
4146
4188
4141
4147
4189
4142
4148
4190
4143
4149
4191
4150
4192
4145
4151
4193
4146
4152
4194
4147
4153
4195
4148
4154
4196
4149
4155
4197
4150
4156
4198
4157
4199
4152
4158
4200
4153
4159
4201
4154
4160
4202
4155
4161
4203
4156
4162
4204
4157
4163
4205
4164
4206
4159
4207
4160
4208
4161
4209
4162
4210
4163
4211
4164
4212
4213
4166
4172
4214
4167
4173
4215
4168
4174
4216
4169
4175
4217
4170
4176
4218
4171
4177
4219
4178
4220
4173
4179
4221
4174
4180
4222
4175
4181
4223
4176
4182
4224
4177
4183
4225
4178
4184
4226
4185
4227
4180
4186
4228
4181
4187
4229
4182
4188
4230
4183
4189
4231
4184
4190
4232
4185
4191
4233
4192
4234
4187
4193
4235
4188
4194
4236
4189
4195
4237
4190
4196
4238
4191
4197
4239
4192
4198
4240
4199
4241
4194
4200
4242
4195
4201
4243
4196
4202
4244
4197
4203
4245
4198
4204
4246
4199
4205
4247
4206
4248
4201
4207
4249
4202
4208
4250
4203
4209
4251
4204
4210
4252
4205
4211
4253
4206
4212
4254
4213
4255
4208
4256
4209
4257
4210
4258
4211
4259
4212
4260
4213
4261
4262
4215
4221
4263
4216
4222
4264
4217
4223
4265
4218
4224
4266
4219
4225
4267
4220
4226
4268
4227
4269
4222
4228
4270
4223
4229
4271
4224
4230
4272
4225
4231
4273
4226
4232
4274
4227
4233
4275
4234
4276
4229
4235
4277
4230
4236
4278
4231
4237
4279
4232
4238
4280
4233
4239
4281
4234
4240
4282
4241
4283
4236
4242
4284
4237
4243
4285
4238
4244
4286
4239
4245
4287
4240
4246
4288
4241
4247
4289
4248
4290
4243
4249
4291
4244
4250
4292
4245
4251
4293
4246
4252
4294
4247
4253
4295
4248
4254
4296
4255
4297
4250
4256
4298
4251
4257
4299
4252
4258
4300
4253
4259
4301
4254
4260
4302
4255
4261
4303
4262
4304
4257
4305
4258
4306
4259
4307
4260
4308
4261
4309
4262
4310
4311
4264
4270
4312
4265
4271
4313
4266
4272
4314
4267
4273
4315
4268
4274
4316
4269
4275
4317
4276
4318
4271
4277
4319
4272
4278
4320
4273
4279
4321
4274
4280
4322
4275
4281
4323
4276
4282
4324
4283
4325
4278
4284
4326
4279
4285
4327
4280
4286
4328
4281
4287
4329
4282
4288
4330
4283
4289
4331
4290
4332
4285
4291
4333
4286
4292
4334
4287
4293
4335
4288
4294
4336
4289
4295
4337
4290
4296
4338
4297
4339
4292
4298
4340
4293
4299
4341
4294
4300
4342
4295
4301
4343
4296
4302
4344
4297
4303
4345
4304
4346
4299
4305
4347
4300
4306
4348
4301
4307
4349
4302
4308
4350
4303
4309
4351
4304
4310
4352
4311
4353
4306
4354
4307
4355
4308
4356
4309
4357
4310
4358
4311
4359
4360
4313
4319
4361
4314
4320
4362
4315
4321
4363
4316
4322
4364
4317
4323
4365
4318
4324
4366
4325
4367
4320
4326
4368
4321
4327
4369
4322
4328
4370
4323
4329
4371
4324
4330
4372
4325
4331
4373
4332
4374
4327
4333
4375
4328
4334
4376
4329
4335
4377
4330
4336
4378
4331
4337
4379
4332
4338
4380
4339
4381
4334
4340
4382
4335
4341
4383
4336
4342
4384
4337
4343
4385
4338
4344
4386
4339
4345
4387
4346
4388
4341
4347
4389
4342
4348
4390
4343
4349
4391
4344
4350
4392
4345
4351
4393
4346
4352
4394
4353
4395
4348
4354
4396
4349
4355
4397
4350
4356
4398
4351
4357
4399
4352
4358
4400
4353
4359
4401
4360
4402
4355
4403
4356
4404
4357
4405
4358
4406
4359
4407
4360
4408
4409
4362
4368
4410
4363
4369
4411
4364
4370
4412
4365
4371
4413
4366
4372
4414
4367
4373
4415
4374
4416
4369
4375
4417
4370
4376
4418
4371
4377
4419
4372
4378
4420
4373
4379
4421
4374
4380
4422
4381
4423
4376
4382
4424
4377
4383
4425
4378
4384
4426
4379
4385
4427
4380
4386
4428
4381
4387
4429
4388
4430
4383
4389
4431
4384
4390
4432
4385
4391
4433
4386
4392
4434
4387
4393
4435
4388
4394
4436
4395
4437
4390
4396
4438
4391
4397
4439
4392
4398
4440
4393
4399
4441
4394
4400
4442
4395
4401
4443
4402
4444
4397
4403
4445
4398
4404
4446
4399
4405
4447
4400
4406
4448
4401
4407
4449
4402
4408
4450
4409
4451
4404
4452
4405
4453
4406
4454
4407
4455
4408
4456
4409
4457
4458
4411
4417
4459
4412
4418
4460
4413
4419
4461
4414
4420
4462
4415
4421
4463
4416
4422
4464
4423
4465
4418
4424
4466
4419
4425
4467
4420
4426
4468
4421
4427
4469
4422
4428
4470
4423
4429
4471
4430
4472
4425
4431
4473
4426
4432
4474
4427
4433
4475
4428
4434
4476
4429
4435
4477
4430
4436
4478
4437
4479
4432
4438
4480
4433
4439
4481
4434
4440
4482
4435
4441
4483
4436
4442
4484
4437
4443
4485
4444
4486
4439
4445
4487
4440
4446
4488
4441
4447
4489
4442
4448
4490
4443
4449
4491
4444
4450
4492
4451
4493
4446
4452
4494
4447
4453
4495
4448
4454
4496
4449
4455
4497
4450
4456
4498
4451
4457
4499
4458
4500
4453
4501
4454
4502
4455
4503
4456
4504
4457
4505
4458
4506
4507
4460
4466
4508
4461
4467
4509
4462
4468
4510
4463
4469
4511
4464
4470
4512
4465
4471
4513
4472
4514
4467
4473
4515
4468
4474
4516
4469
4475
4517
4470
4476
4518
4471
4477
4519
4472
4478
4520
4479
4521
4474
4480
4522
4475
4481
4523
4476
4482
4524
4477
4483
4525
4478
4484
4526
4479
4485
4527
4486
4528
4481
4487
4529
4482
4488
4530
4483
4489
4531
4484
4490
4532
4485
4491
4533
4486
4492
4534
4493
4535
4488
4494
4536
4489
4495
4537
4490
4496
4538
4491
4497
4539
4492
4498
4540
4493
4499
4541
4500
4542
4495
4501
4543
4496
4502
4544
4497
4503
4545
4498
4504
4546
4499
4505
4547
4500
4506
4548
4507
4549
4502
4550
4503
4551
4504
4552
4505
4553
4506
4554
4507
4555
4556
4509
4515
4557
4510
4516
4558
4511
4517
4559
4512
4518
4560
4513
4519
4561
4514
4520
4562
4521
4563
4516
4522
4564
4517
4523
4565
4518
4524
4566
4519
4525
4567
4520
4526
4568
4521
4527
4569
4528
4570
4523
4529
4571
4524
4530
4572
4525
4531
4573
4526
4532
4574
4527
4533
4575
4528
4534
4576
4535
4577
4530
4536
4578
4531
4537
4579
4532
4538
4580
4533
4539
4581
4534
4540
4582
4535
4541
4583
4542
4584
4537
4543
4585
4538
4544
4586
4539
4545
4587
4540
4546
4588
4541
4547
4589
4542
4548
4590
4549
4591
4544
4550
4592
4545
4551
4593
4546
4552
4594
4547
4553
4595
4548
4554
4596
4549
4555
4597
4556
4598
4551
4599
4552
4600
4553
4601
4554
4602
4555
4603
4556
4604
4605
4558
4564
4606
4559
4565
4607
4560
4566
4608
4561
4567
4609
4562
4568
4610
4563
4569
4611
4570
4612
4565
4571
4613
4566
4572
4614
4567
4573
4615
4568
4574
4616
4569
4575
4617
4570
4576
4618
4577
4619
4572
4578
4620
4573
4579
4621
4574
4580
4622
4575
4581
4623
4576
4582
4624
4577
4583
4625
4584
4626
4579
4585
4627
4580
4586
4628
4581
4587
4629
4582
4588
4630
4583
4589
4631
4584
4590
4632
4591
4633
4586
4592
4634
4587
4593
4635
4588
4594
4636
4589
4595
4637
4590
4596
4638
4591
4597
4639
4598
4640
4593
4599
4641
4594
4600
4642
4595
4601
4643
4596
4602
4644
4597
4603
4645
4598
4604
4646
4605
4647
4600
4648
4601
4649
4602
4650
4603
4651
4604
4652
4605
4653
4654
4607
4613
4655
4608
4614
4656
4609
4615
4657
4610
4616
4658
4611
4617
4659
4612
4618
4660
4619
4661
4614
4620
4662
4615
4621
4663
4616
4622
4664
4617
4623
4665
4618
4624
4666
4619
4625
4667
4626
4668
4621
4627
4669
4622
4628
4670
4623
4629
4671
4624
4630
4672
4625
4631
4673
4626
4632
4674
4633
4675
4628
4634
4676
4629
4635
4677
4630
4636
4678
4631
4637
4679
4632
4638
4680
4633
4639
4681
4640
4682
4635
4641
4683
4636
4642
4684
4637
4643
4685
4638
4644
4686
4639
4645
4687
4640
4646
4688
4647
4689
4642
4648
4690
4643
4649
4691
4644
4650
4692
4645
4651
4693
4646
4652
4694
4647
4653
4695
4654
4696
4649
4697
4650
4698
4651
4699
4652
4700
4653
4701
4654
4702
4703
4656
4662
4704
4657
4663
4705
4658
4664
4706
4659
4665
4707
4660
4666
4708
4661
4667
4709
4668
4710
4663
4669
4711
4664
4670
4712
4665
4671
4713
4666
4672
4714
4667
4673
4715
4668
4674
4716
4675
4717
4670
4676
4718
4671
4677
4719
4672
4678
4720
4673
4679
4721
4674
4680
4722
4675
4681
4723
4682
4724
4677
4683
4725
4678
4684
4726
4679
4685
4727
4680
4686
4728
4681
4687
4729
4682
4688
4730
4689
4731
4684
4690
4732
4685
4691
4733
4686
4692
4734
4687
4693
4735
4688
4694
4736
4689
4695
4737
4696
4738
4691
4697
4739
4692
4698
4740
4693
4699
4741
4694
4700
4742
4695
4701
4743
4696
4702
4744
4703
4745
4698
4746
4699
4747
4700
4748
4701
4749
4702
4750
4703
4751
4752
4705
4711
4753
4706
4712
4754
4707
4713
4755
4708
4714
4756
4709
4715
4757
4710
4716
4758
4717
4759
4712
4718
4760
4713
4719
4761
4714
4720
4762
4715
4721
4763
4716
4722
4764
4717
4723
4765
4724
4766
4719
4725
4767
4720
4726
4768
4721
4727
4769
4722
4728
4770
4723
4729
4771
4724
4730
4772
4731
4773
4726
4732
4774
4727
4733
4775
4728
4734
4776
4729
4735
4777
4730
4736
4778
4731
4737
4779
4738
4780
4733
4739
4781
4734
4740
4782
4735
4741
4783
4736
4742
4784
4737
4743
4785
4738
4744
4786
4745
4787
4740
4746
4788
4741
4747
4789
4742
4748
4790
4743
4749
4791
4744
4750
4792
4745
4751
4793
4752
4794
4747
4795
4748
4796
4749
4797
4750
4798
4751
4799
4752
4800
4801
4754
4760
4802
4755
4761
4803
4756
4762
4804
4757
4763
4805
4758
4764
4806
4759
4765
4807
4766
4808
4761
4767
4809
4762
4768
4810
4763
4769
4811
4764
4770
4812
4765
4771
4813
4766
4772
4814
4773
4815
4768
4774
4816
4769
4775
4817
4770
4776
4818
4771
4777
4819
4772
4778
4820
4773
4779
4821
4780
4822
4775
4781
4823
4776
4782
4824
4777
4783
4825
4778
4784
4826
4779
4785
4827
4780
4786
4828
4787
4829
4782
4788
4830
4783
4789
4831
4784
4790
4832
4785
4791
4833
4786
4792
4834
4787
4793
4835
4794
4836
4789
4795
4837
4790
4796
4838
4791
4797
4839
4792
4798
4840
4793
4799
4841
4794
4800
4842
4801
4843
4796
4844
4797
4845
4798
4846
4799
4847
4800
4848
4801
4849
4850
4803
4809
4851
4804
4810
4852
4805
4811
4853
4806
4812
4854
4807
4813
4855
4808
4814
4856
4815
4857
4810
4816
4858
4811
4817
4859
4812
4818
4860
4813
4819
4861
4814
4820
4862
4815
4821
4863
4822
4864
4817
4823
4865
4818
4824
4866
4819
4825
4867
4820
4826
4868
4821
4827
4869
4822
4828
4870
4829
4871
4824
4830
4872
4825
4831
4873
4826
4832
4874
4827
4833
4875
4828
4834
4876
4829
4835
4877
4836
4878
4831
4837
4879
4832
4838
4880
4833
4839
4881
4834
4840
4882
4835
4841
4883
4836
4842
4884
4843
4885
4838
4844
4886
4839
4845
4887
4840
4846
4888
4841
4847
4889
4842
4848
4890
4843
4849
4891
4850
4892
4845
4893
4846
4894
4847
4895
4848
4896
4849
4897
4850
4898
4899
4852
4858
4853
4859
4854
4860
4855
4861
4856
4862
4857
4863
4864
4859
4865
4860
4866
4861
4867
4862
4868
4863
4869
4864
4870
4871
4866
4872
4867
4873
4868
4874
4869
4875
4870
4876
4871
4877
4878
4873
4879
4874
4880
4875
4881
4876
4882
4877
4883
4878
4884
4885
4880
4886
4881
4887
4882
4888
4883
4889
4884
4890
4885
4891
4892
4887
4893
4888
4894
4889
4895
4890
4896
4891
4897
4892
4898
4899
4894
4895
4896
4897
4898
4899
)


// ************************************************************************* //
